0.042
840.938
859.4
875.168
879.06
868.638
864.924
873.652
870.662
874.454
863.52
877.922
856.128
873.642
868.032
878.4
862.396
854.506
871.348
867.92
860.354
875.052
861.384
883.176
876.658
878.112
873.016
876.312
852.52
873.826
867.042
870.144
863.152
865.948
875.066
809.32
869.09
874.018
855.32
874.924
859.87
861.796
858.146
869.85
876.17
871.864
878.068
844.176
875.768
878.868
862.526
873.108
869.988
874.194
872.344
881.22
863.51
876.24
875.65
867.44
877.062
870.922
865.128
872.208
871.566
828.27
860.71
844.996
869.094
872.374
870.934
870.988
878.46
878.82
877.148
871.676
872.558
874.322
861.77
873.666
880.296
875.662
868.664
872.138
869.116
862.304
867.822
866.264
874.802
878.316
875.886
856.942
874.744
862.284
879.73
861.71
872.806
882.52
877.066
870.804
